8
2
100 1
100 2
3
1 10
1 11
100 12
4
10 1
20 5
31 10
50 100
1
1 1
0
5
5 15
132 151
55 153
584 161
152 213
100
1000 1000
999 999
998 998
997 997
996 996
995 995
994 994
993 993
992 992
991 991
990 990
989 989
988 988
987 987
986 986
985 985
984 984
983 983
982 982
981 981
980 980
979 979
978 978
977 977
976 976
975 975
974 974
973 973
972 972
971 971
970 970
969 969
968 968
967 967
966 966
965 965
964 964
963 963
962 962
961 961
960 960
959 959
958 958
957 957
956 956
955 955
954 954
953 953
952 952
951 951
950 950
949 949
948 948
947 947
946 946
945 945
944 944
943 943
942 942
941 941
940 940
939 939
938 938
937 937
936 936
935 935
934 934
933 933
932 932
931 931
930 930
929 929
928 928
927 927
926 926
925 925
924 924
923 923
922 922
921 921
920 920
919 919
918 918
917 917
916 916
915 915
914 914
913 913
912 912
911 911
910 910
909 909
908 908
907 907
906 906
905 905
904 904
903 903
902 902
901 901
100
1000 1000
1000 999
1000 998
1000 997
1000 996
1000 995
1000 994
1000 993
1000 992
1000 991
1000 990
1000 989
1000 988
1000 987
1000 986
1000 985
1000 984
1000 983
1000 982
1000 981
1000 980
1000 979
1000 978
1000 977
1000 976
1000 975
1000 974
1000 973
1000 972
1000 971
1000 970
1000 969
1000 968
1000 967
1000 966
1000 965
1000 964
1000 963
1000 962
1000 961
1000 960
1000 959
1000 958
1000 957
1000 956
1000 955
1000 954
1000 953
1000 952
1000 951
1000 950
1000 949
1000 948
1000 947
1000 946
1000 945
1000 944
1000 943
1000 942
1000 941
1000 940
1000 939
1000 938
1000 937
1000 936
1000 935
1000 934
1000 933
1000 932
1000 931
1000 930
1000 929
1000 928
1000 927
1000 926
1000 925
1000 924
1000 923
1000 922
1000 921
1000 920
1000 919
1000 918
1000 917
1000 916
1000 915
1000 914
1000 913
1000 912
1000 911
1000 910
1000 909
1000 908
1000 907
1000 906
1000 905
1000 904
1000 903
1000 902
1000 901
1000 900
