9 9 1
5 5 1
2 2 4
1 1 4
1 4 3
4 1 2
3 3 4
2 7 3
1 5 4
1 8 3
3 6 3
4 8 1
7 2 2
5 1 4
6 3 2
8 1 2
8 4 1
7 7 1
6 6 1
5 8 3
8 5 2
8 8 1
4 13 3
2 10 4
1 9 4
1 12 3
4 9 2
3 11 4
2 15 3
1 13 4
1 16 3
3 14 3
4 16 1
6 11 3
5 9 4
5 12 3
7 10 3
8 12 1
7 15 1
6 14 1
5 16 3
8 13 2
8 16 1
13 4 2
10 2 4
9 1 4
9 4 3
12 1 2
11 3 4
11 6 2
9 5 4
10 7 2
12 5 2
12 8 1
15 2 2
13 1 4
14 3 2
16 1 2
16 4 1
15 7 1
14 6 1
13 8 3
16 5 2
16 8 1
13 13 1
11 11 1
10 10 1
9 12 3
12 9 2
12 12 1
10 15 3
9 13 4
9 16 3
11 14 3
12 16 1
15 10 2
13 9 4
14 11 2
16 9 2
16 12 1
15 15 1
14 14 1
13 16 3
16 13 2
16 16 1
Time:0.003s.
